image: agri_world_map_test.pgm
resolution: 0.020000
origin: [-31.120000, -34.320000, 0.000000]
negate: 0
occupied_thresh: 0.65
free_thresh: 0.196

